
5.09036
5.13444
5.22551
5.70042
5.09036
5.11526
5.14384
 5.4274
5.38801
5.62882
5.08571
5.62882
5.20843
5.91887
 5.0488
5.08431
5.80442
5.33616
5.10656
5.41548
5.56002
5.40688
5.72091
5.28273
5.55209
5.46093
5.57357
5.72091
5.09018
5.41827
5.18578
5.45364
 5.1796
5.15296
5.30278
5.28953
5.66232
5.76677
4.61802
5.73301
5.73301
5.15874
5.58768
6.03315
5.26084
6.11285
4.65959
5.53942
5.45742
5.23088
 5.3699
5.47532
5.50692
5.26736
5.58413
5.24339
5.74689
 5.2058
5.35883
5.38091
5.37106
4.91889
 5.3798
5.14428
 5.4814
 5.4814
 5.3561
5.53207
6.03174
5.86117
5.29323
4.93229
4.93346
5.04516
5.64019
5.62863
5.62863
5.34417
5.06862
5.38371
5.36364
 5.2153
5.09268
5.05683
5.82919
5.50671
6.34724
5.49664
5.76222
5.04771
5.08339
6.34724
6.35348
5.49664
4.93272
5.90476
5.40341
5.39418
5.13376
 5.2324
5.40481
5.68267
 5.2324
5.09719
5.29003
5.09719
5.22296
5.16068
5.54395
4.70692
5.58295
5.23622
  5.252
5.69606
5.58295
5.80615
5.45364
5.24146
5.70511
4.90356
4.31507
5.70511
5.06735
5.13169
5.09832
5.12555
4.90772
4.89343
5.92715
5.50024
4.79105
6.17976
6.17976
5.57111
5.03227
 5.3396
5.29443
5.32184
5.07247
5.06864
 5.3396
5.29443
6.95298
5.53342
6.95298
4.83509
5.07376
5.08831
5.61648
5.66247
5.79211
5.54539
5.26346
5.26346
5.54115
5.53156
5.54115
5.53156
5.11882
 4.9659
5.04855
5.66121
5.54976
4.98134
4.98636
5.05609
5.17481
5.16024
 5.4263
5.51133
4.80564
5.48394
5.48394
 5.8407
5.41347
5.53257
5.41347
5.52059
5.12385
5.36311
5.36311
5.05445
5.02426
5.02074
5.01357
5.40047
5.21802
5.16174
4.99089
5.00701
5.10232
5.49193
4.94645
5.41912
5.41912
4.98069
5.39954
6.21938
6.07026
5.24072
6.10153
5.54329
 5.5448
5.32035
5.31464
6.14956
6.14956
4.98865
5.30032
6.22916
6.53243
5.18089
5.86978
5.38267
5.32053
5.55627
5.67966
5.03019
5.40321
5.02118
5.47629
5.22708
5.41755
5.39496
5.39332
5.70904
5.66388
5.20343
5.70904
5.63304
5.98535
 5.5564
5.56536
5.63304
4.76663
5.09086
5.09086
5.12881
5.09086
4.76663
5.26301
6.06233
5.16532
6.04426
6.04426
5.56361
5.10294
5.07405
5.37491
5.56361
5.94829
5.47903
5.86024
4.92066
5.47903
5.02181
5.60075
5.07005
5.01937
5.99122
5.58154
4.79914
5.56839
5.56151
6.07464
 6.1543
5.01635
6.64306
5.47533
6.21932
5.74433
6.21932
5.80712
5.20364
 5.1771
5.74433
5.47533
6.21932
6.80376
 5.8532
5.95091
5.69198
5.21899
 5.8532
5.39346
5.39346
5.87116
5.78821
5.88183
5.49564
5.88183
5.69787
5.59979
5.69213
 5.7578
 5.5017
5.10643
5.27097
5.28829
5.19993
5.69269
6.08712
5.34998
5.03304
4.83643
5.37703
5.08585
5.35538
5.34306
5.54355
5.37703
5.10838
5.24159
 5.0645
5.89846
5.90742
5.38149
5.35762
5.79621
5.35762
5.79621
5.19499
5.32354
5.32952
5.49592
5.49592
6.15239
6.27093
5.86214
5.62878
6.32812
6.32812
5.04253
5.74316
6.02535
 6.1686
6.53263
5.68244
6.09846
6.44367
6.10871
6.35252
5.74727
5.74727
5.83769
5.40984
6.09234
6.57489
5.78207
5.30022
5.63686
5.26982
5.35249
6.30691
6.08398
6.06433
6.12808
6.22777
5.95482
5.65221
5.09539
 5.7561
5.49674
6.05633
5.55102
6.41052
5.55102
5.30178
5.29733
6.87687
5.31592
5.73549
6.33056
5.20817
6.05999
 6.2809
6.27487
6.87687
6.75548
5.81557
5.81732
 5.8449
5.81732
5.81732
5.31539
5.38711
 5.3091
5.23257
5.36503
5.72732
 6.0373
 5.8449
5.49199
4.81245
5.53241
6.49413
4.96354
5.75928
5.75928
5.17409
4.96354
5.99756
5.68256
5.62154
5.19449
5.95285
5.92879
5.93664
6.11911
5.65743
5.31166
5.31166
4.97263
 6.3577
5.10272
5.10054
6.10355
5.21509
5.90369
5.23528
6.06218
5.83006
5.19501
 6.4416
5.19501
5.83006
5.68588
5.39221
5.36878
5.38006
 6.4416
5.15531
6.70832
5.48196
5.83456
5.48196
5.45678
6.06375
5.83456
5.28058
6.03137
6.18046
5.76785
6.21096
6.38254
5.33771
5.91506
6.02326
5.57405
5.92975
5.92975
5.25621
5.47798
6.13751
6.02826
6.51182
5.46517
5.20958
6.13751
5.09175
5.99744
5.27301
6.38651
4.71428
5.75342
5.83178
6.08896
6.97089
5.49827
5.32507
5.94564
 6.0135
5.96242
6.13665
5.91439
5.44902
5.80871
6.55761
5.44902
5.52975
5.80981
6.59377
5.87561
5.88578
6.65613
 5.4273
 5.4273
5.40353
6.14993
5.85374
5.45848
6.82585
6.95653
5.63666
6.15738
6.16928
5.20623
 5.9345
6.16928
5.63666
5.20623
6.35505
6.35505
6.48503
6.49361
6.49763
6.45717
5.39469
5.47677
6.34061
5.71405
5.47677
5.71771
6.15778
6.15778
5.13712
6.13299
4.87464
6.45055
5.86093
 6.0236
5.27476
5.57453
5.13935
5.25502
5.40089
5.86093
5.98236
5.30247
5.33498
6.07613
 5.7362
 5.7362
6.75946
5.49788
6.07613
5.33498
5.57958
6.36781
5.92514
5.36611
6.09023
5.44962
5.79366
5.66304
5.15487
5.43785
 6.2171
   5.95
5.21164
5.43179
5.73112
5.73183
5.20951
5.97798
5.97798
5.99533
5.98144
5.99533
6.30583
5.94508
5.10663
5.12384
5.68246
6.30583
5.94508
4.82937
4.82937
5.59579
6.04381
6.22409
6.04381
6.01735
5.28102
5.69439
6.09575
5.53375
5.17521
5.22632
5.72246
 5.3874
 5.3874
5.27474
 6.0119
6.00305
5.35451
6.27009
4.83459
6.78559
6.20098
5.30975
5.72468
5.30975
5.14492
5.08449
5.03648
 5.6209
5.65376
5.36972
  5.508
5.07417
5.37949
5.02678
5.37949
5.14347
5.22313
6.48932
5.59009
5.28744
6.30074
5.43294
5.61541
5.48641
5.79173
5.75717
5.14825
5.14825
6.10952
 5.7093
5.78336
5.11154
5.11456
5.39181
6.34632
5.29843
5.29843
5.08381
5.08381
5.30585
5.00539
5.30585
5.66133
5.76689
5.18764
5.44997
5.26072
4.61894
4.62754
5.15572
6.49845
5.32419
5.18804
5.32419
5.18804
5.32419
5.52821
5.41289
 5.5721
6.03367
5.76431
5.50645
 5.0409
7.44331
6.25636
5.36603
 5.3031
5.50645
5.91213
5.60805
5.48901
5.60805
5.31539
 5.4479
6.18409
5.74279
5.39556
5.21172
  5.712
5.71814
  5.712
5.66517
 5.2209
4.29584
 5.2209
5.64851
5.76893
5.64851
5.11431
5.07097
5.76951
5.35162
5.62479
   5.44
5.66523
  4.482
5.66523
5.09572
5.25385
5.27118
5.73702
4.99762
4.70664
5.09291
5.11018
5.11281
 6.3424
5.31667
5.31667
5.12195
6.03831
4.96679
5.31667
5.31545
5.45713
5.23238
4.83716
5.19437
5.62703
5.99803
5.81791
4.95322
4.98378
5.06373
5.25527
5.09611
5.27513
5.25527
5.55634
5.32647
5.14482
5.32647
5.13848
5.62384
6.30601
5.29806
5.55922
5.60589
5.42634
5.42634
5.77213
4.89132
5.49817
5.02167
 5.2057
5.19469
4.89119
4.89119
5.11823
5.17251
5.16091
5.85177
5.07404
5.27061
5.37821
5.22774
5.46354
5.22287
5.32763
5.47817
5.46354
5.21543
5.21543
 5.2082
5.21543
 5.1289
5.22566
5.29225
5.10384
5.10384
5.22606
5.14328
5.12551
5.40508
5.12551
 5.1354
5.13744
5.16407
4.92667
5.06253
5.18405
5.06253
4.82151
4.93661
5.55174
5.54014
4.96734
4.98366
5.22538
5.73244
5.24235
 5.0883
5.36763
 4.9981
5.36763
5.17229
5.40876
5.40876
5.45329
5.45329
4.91162
5.46086
4.96345
5.12563
5.76965
6.56128
5.63337
5.50514
6.22831
5.72922
5.72922
5.03239
5.50846
6.40772
5.36666
   5.55
6.81761
6.80183
6.81761
5.43057
5.68512
5.70754
5.98433
 5.9545
6.06392
6.15554
 5.9545
5.71963
6.54428
5.07768
5.08501
5.30197
6.86528
5.38303
5.38303
5.66032
5.70035
6.22081
5.70035
6.44914
5.93422
5.68919
5.93422
5.69247
5.69307
5.15014
5.10682
6.18503
6.18503
6.35246
 5.3946
6.40769
5.46037
5.85505
4.96296
6.30038
5.29844
5.29844
5.32412
5.29844
5.29923
5.49122
5.49122
5.64538
6.04829
6.04829
5.96911
6.04829
6.28131
6.19617
6.07091
 5.0138
 5.2088
5.66953
5.06416
 5.0138
5.04803
6.18177
 6.1481
6.07091
5.72946
5.95108
 5.6329
5.66112
6.29558
6.33526
6.42839
5.92751
5.95108
5.32095
5.03744
5.53869
5.85675
 6.3636
5.03744
5.32095
 5.4622
5.40546
  6.412
5.77301
4.74741
5.70987
 5.0428
5.57295
 5.0428
5.09826
5.67139
6.61979
5.67139
6.61979
5.21617
6.36394
5.64402
5.64402
5.80752
5.80752
5.08461
5.67593
5.88847
5.73754
6.25641
 6.5708
6.10976
6.35334
6.40576
6.25641
6.45404
5.27272
5.70412
5.98342
6.27783
5.78777
5.98342
6.27783
5.70412
6.25396
6.32115
6.10689
5.01545
6.25396
6.55002
5.57125
5.37687
5.38791
5.37687
5.57125
6.29636
6.29636
5.67284
6.64702
5.95272
6.61524
  6.619
5.60785
5.41387
6.44707
6.25128
6.53715
6.55864
6.64941
6.64941
6.64941
6.55864
 6.2801
6.61976
6.21931
6.00366
6.10888
5.92931
 5.8676
5.45947
 6.2333
 5.3847
5.38487
6.29246
 6.2333
6.24406
6.28657
4.84446
6.40347
5.54368
6.38701
6.38701
6.24191
5.95145
6.46165
 5.2754
 5.2754
4.85324
6.03243
5.96397
 5.8519
5.28619
6.55097
 5.8519
5.96397
 5.9194
6.27745
5.31257
5.49942
6.10847
5.49942
5.31388
 5.4102
5.31388
5.22146
5.48477
6.16528
6.16528
5.08192
6.29343
6.22814
6.15488
6.57496
6.56301
5.69691
6.56301
6.57496
6.56501
6.40999
5.83825
6.56124
 5.9377
4.95791
5.35444
5.88713
6.43121
6.62813
6.61504
6.61504
5.64428
6.24347
6.24347
5.73721
6.39928
5.67227
5.30002
6.49867
 5.6661
5.67281
5.67227
5.90884
5.84228
5.09298
5.64608
5.13797
6.02052
  6.558
4.83158
6.63962
6.06715
5.12531
 5.5698
6.06715
6.19465
6.33187
6.10424
5.54643
5.69451
 6.0253
5.97445
5.69451
5.39916
6.27962
6.70918
5.00607
5.00607
6.23432
5.19543
6.10287
6.23432
6.03858
6.56355
6.11767
6.41523
5.97976
5.55066
6.41885
 6.4534
 6.4534
5.63163
6.41506
4.91214
5.41198
5.57921
4.91214
6.04167
6.41017
6.01044
6.01044
5.77039
 6.4536
5.72967
5.40746
6.31816
5.40746
5.44151
 6.3087
6.40306
5.86164
5.86164
6.43392
 6.1311
5.98922
6.55416
5.46837
 5.7632
5.46837
5.34156
6.51472
5.34156
6.68782
6.24516
5.89176
6.24516
6.42981
6.25246
6.57407
6.54914
5.05536
5.76396
5.70677
6.08107
6.16939
 5.7922
6.68852
5.76497
5.76497
5.76497
6.69357
6.27822
6.66722
6.27013
6.27959
6.17605
5.86101
6.37631
6.81318
5.72533
5.55319
5.79917
5.76286
5.47242
6.96767
6.03926
6.51235
6.33838
6.14719
6.14719
5.21087
5.23864
 5.4003
6.08712
6.24617
5.99492
5.73015
6.08418
5.62101
6.23808
6.17274
6.36555
6.76943
6.14387
5.32411
6.05827
5.85944
5.32411
6.44061
6.39527
6.18786
5.92697
6.20531
5.89807
6.49684
5.40026
5.40026
5.42437
5.86144
6.65947
6.27332
6.05535
6.03262
5.78646
6.47426
5.43494
5.43494
 5.8821
5.40476
6.39914
5.50918
6.14327
6.14327
6.13654
6.06864
5.15166
5.41213
6.03504
5.86495
6.03504
5.41213
4.96979
6.38845
5.18154
6.60897
5.17808
5.03445
5.34418
5.17034
5.56263
6.19286
5.17034
5.56263
6.15647
6.29089
5.08213
6.15481
6.15481
6.15481
5.47245
6.15481
6.23166
5.62813
5.41365
5.62813
 6.0821
5.92065
6.19693
5.24676
6.51761
5.95213
6.23985
6.21682
6.21682
5.19267
6.49985
6.08279
5.21486
5.30439
5.47331
6.60133
5.38493
 6.4991
5.42388
5.38493
 5.6935
 6.1076
5.97377
5.48145
 6.1076
5.12291
5.96987
5.17571
5.63582
6.39412
5.13047
5.65151
5.65753
5.26308
5.65753
6.07985
5.77074
5.77074
5.39385
5.22181
5.29846
5.70321
5.61492
 5.1952
 5.7074
5.74189
5.74189
5.10309
5.34076
 5.5635
5.06071
6.33562
5.59281
5.59281
6.43644
5.35605
6.82799
6.89901
6.09526
5.87831
5.29409
5.81406
 5.0145
6.38587
5.28304
 5.0145