0.527784
0.518902
0.510289
0.501934
0.493828
0.485962
0.478327
0.470913
0.463713
0.456719
0.449923
0.443318
0.436897
0.430654
0.424582
0.418675
0.412928
0.407334
0.401888
0.396586
0.391422
0.386391
0.381489
0.376713
0.372056
0.367516
0.363089
0.35877
0.354557
0.350446
0.346433
0.342516
0.338692
0.334957
0.331309
0.327745
0.324263
0.32086
0.317533
0.314281
0.3111
0.30799
0.304948
0.301972
0.29906
0.29621
0.29342
0.290689
0.288016
0.285397
0.282833
0.280321
0.277861
0.275449
0.273087
0.270771
0.268501
0.266276
0.264094
0.261955
0.259857
0.257799
0.25578
0.253799
0.251856
0.249949
0.248077
0.24624
0.244437
0.242667
0.240929
0.239222
0.237546
0.2359
0.234283
0.232694
0.231134
0.229601
0.228095
0.226614
0.225159
0.223729
0.222324
0.220942
0.219584
0.218248
0.216935
0.215644
0.214374
0.213125
0.211897
0.210689
0.2095
0.208331
0.20718
0.206048
0.204934
0.203838
0.20276
0.201698
0.200653
0.199625
0.198612
0.197616
0.196634
0.195668
0.194717
0.193781
0.192858
0.19195
0.191055
0.190174
0.189307
0.188452
0.18761
0.18678
0.185963
0.185158
0.184365
0.183584
0.182813
0.182055
0.181307
0.18057
0.179843
0.179127
0.178422
0.177726
0.17704
0.176364
0.175698
0.175041
0.174393
0.173755
0.173125
0.172504
0.171892
0.171288
0.170692
0.170105
0.169526
0.168955
0.168391
0.167835
0.167287
0.166746
0.166212
0.165686
0.165166
0.164654
0.164148
0.163649
0.163157
0.162671
0.162192
0.161718
0.161251
0.160791
0.160336
0.159887
0.159443
0.159006
0.158574
0.158148
0.157727
0.157311
0.156901
0.156496
0.156096
0.155701
0.155311
0.154926
0.154546
0.154171
0.1538
0.153434
0.153072
0.152715
0.152362
0.152013
0.151669
0.151329
0.150993
0.150661
0.150333
0.150009
0.149689
0.149373
0.149061
0.148752
0.148447
0.148146
0.147848
0.147554
0.147263
0.146975
0.146691
0.14641
0.146133
0.145858
0.145587
0.145319
0.145054
0.144792
0.144533
0.144278
0.144024
0.143774
0.143527
0.143282
0.143041
0.142801
0.142565
0.142331
0.1421
0.141871
0.141645
0.141422
0.141201
0.140982
0.140766
0.140552
0.14034
0.140131
0.139924
0.139719
0.139516
0.139316
0.139117
0.138921
0.138727
0.138535
0.138345
0.138157
0.137971
0.137787
0.137605
0.137425
0.137247
0.13707
0.136895
0.136723
0.136552
0.136382
0.136215
0.136049
0.135885
0.135722
0.135562
0.135402
0.135245
0.135089
0.134934
0.134781
0.13463
0.13448
0.134332
0.134185
0.13404
0.133896
0.133753
0.133612
0.133472
0.133334
0.133197
0.133061
0.132927
0.132793
0.132662
0.132531
0.132402
0.132274
0.132147
0.132021
0.131897
0.131773
0.131651
0.13153
0.131411
0.131292
0.131174
0.131058
0.130942
0.130828
0.130715
0.130603
0.130491
0.130381
0.130272
0.130164
0.130057
0.12995
0.129845
0.129741
0.129638
0.129535
0.129434
0.129333
0.129233
0.129135
0.129037
0.12894
0.128843
0.128748
0.128654
0.12856
0.128467
0.128375
0.128284
0.128193
0.128104
0.128015
0.127927
0.127839
0.127753
0.127667
0.127582
0.127497
0.127414
0.127331
0.127249
0.127167
0.127086
0.127006
0.126926
0.126848
0.126769
0.126692
0.126615
0.126539
0.126463
0.126388
0.126314
0.12624
0.126167
0.126094
0.126022
0.125951
0.12588
0.12581
0.12574
0.125671
0.125602
0.125534
0.125467
0.1254
0.125334
0.125268
0.125203
0.125138
0.125073
0.12501
0.124946
0.124884
0.124821
0.124759
0.124698
0.124637
0.124577
0.124517
0.124458
0.124399
0.12434
0.124282
0.124224
0.124167
0.12411
0.124054
0.123998
0.123943
0.123888
0.123833
0.123779
0.123725
0.123671
0.123618
0.123566
0.123513
0.123462
0.12341
0.123359
0.123308
0.123258
0.123208
0.123159
0.123109
0.12306
0.123012
0.122964
0.122916
0.122868
0.122821
0.122775
0.122728
0.122682
0.122636
0.122591
0.122546
0.122501
0.122456
0.122412
0.122368
0.122325
0.122282
0.122239
0.122196
0.122154
0.122112
0.12207
0.122028
0.121987
0.121946
0.121906
0.121865
0.121825
0.121786
0.121746
0.121707
0.121668
0.121629
0.121591
0.121553
0.121515
0.121477
0.12144
0.121403
0.121366
0.121329
0.121293
0.121257
0.121221
0.121185
0.12115
0.121114
0.121079
0.121045
0.12101
0.120976
0.120942
0.120908
0.120874
0.120841
0.120808
0.120775
0.120742
0.12071
0.120677
0.120645
0.120613
0.120582
0.12055
0.120519
0.120488
0.120457
0.120426
0.120396
0.120366
0.120335
0.120306
0.120276
0.120246
0.120217
0.120188
0.120159
0.12013
0.120101
0.120073
0.120045
0.120017
0.119989
0.119961
0.119933
0.119906
0.119879
0.119852
0.119825
0.119798
0.119772
0.119745
0.119719
0.119693
0.119667
0.119641
0.119616
0.11959
0.119565
0.11954
0.119515
0.11949
0.119465
0.119441
0.119416
0.119392
0.119368
0.119344
0.11932
0.119296
0.119273
0.119249
0.119226
0.119203
0.11918
0.119157
0.119135
0.119112
0.11909
0.119067
0.119045
0.119023
0.119001
0.118979
0.118958
0.118936
0.118915
0.118893
0.118872
0.118851
0.11883
0.118809
0.118789
0.118768
0.118747
0.118727
0.118707
0.118687
0.118667
0.118647
0.118627
0.118607
0.118588
0.118568
0.118549
0.11853
0.118511
0.118492
0.118473
0.118454
0.118435
0.118417
0.118398
0.11838
0.118362
0.118343
0.118325
0.118307
0.118289
0.118272
0.118254
0.118236
0.118219
0.118201
0.118184
0.118167
0.11815
0.118133
0.118116
0.118099
0.118082
0.118066
0.118049
0.118033
0.118016
0.118
0.117984
0.117967
0.117951
0.117935
0.11792
0.117904
0.117888
0.117872
0.117857
0.117841
0.117826
0.117811
0.117796
0.11778
0.117765
0.11775
0.117735
0.117721
0.117706
0.117691
0.117677
0.117662
0.117648
0.117633
0.117619
0.117605
0.117591
0.117577
0.117563
0.117549
0.117535
0.117521
0.117507
0.117494
0.11748
0.117467
0.117453
0.11744
0.117427
0.117413
0.1174
0.117387
0.117374
0.117361
0.117348
0.117335
0.117323
0.11731
0.117297
0.117285
0.117272
0.11726
0.117247
0.117235
0.117223
0.11721
0.117198
0.117186
0.117174
0.117162
0.11715
0.117138
0.117127
0.117115
0.117103
0.117092
0.11708
0.117069
0.117057
0.117046
0.117034
0.117023
0.117012
0.117001
0.11699
0.116979
0.116968
0.116957
0.116946
0.116935
0.116924
0.116913
0.116903
0.116892
0.116881
0.116871
0.11686
0.11685
0.11684
0.116829
0.116819
0.116809
0.116799
0.116788
0.116778
0.116768
0.116758
0.116748
0.116738
0.116729
0.116719
0.116709
0.116699
0.11669
0.11668
0.11667
0.116661
0.116651
0.116642
0.116632
0.116623
0.116614
0.116605
0.116595
0.116586
0.116577
0.116568
0.116559
0.11655
0.116541
0.116532
0.116523
0.116514
0.116505
0.116497
0.116488
0.116479
0.11647
0.116462
0.116453
0.116445
0.116436
0.116428
0.116419
0.116411
0.116403
0.116394
0.116386
0.116378
0.11637
0.116362
0.116353
0.116345
0.116337
0.116329
0.116321
0.116313
0.116305
0.116298
0.11629
0.116282
0.116274
0.116266
0.116259
0.116251
0.116244
0.116236
0.116228
0.116221
0.116213
0.116206
0.116199
0.116191
0.116184
0.116176
0.116169
0.116162
0.116155
0.116147
0.11614
0.116133
0.116126
0.116119
0.116112
0.116105
0.116098
0.116091
0.116084
0.116077
0.11607
0.116064
0.116057
0.11605
0.116043
0.116037
0.11603
0.116023
0.116017
0.11601
0.116003
0.115997
0.11599
0.115984
0.115977
0.115971
0.115965
0.115958
0.115952
0.115946
0.115939
0.115933
0.115927
0.115921
0.115914
0.115908
0.115902
0.115896
0.11589
0.115884
0.115878
0.115872
0.115866
0.11586
0.115854
0.115848
0.115842
0.115836
0.115831
0.115825
0.115819
0.115813
0.115808
0.115802
0.115796
0.11579
0.115785
0.115779
0.115774
0.115768
0.115763
0.115757
0.115752
0.115746
0.115741
0.115735
0.11573
0.115724
0.115719
0.115714
0.115708
0.115703
0.115698
0.115693
0.115687
0.115682
0.115677
0.115672
0.115667
0.115662
0.115656
0.115651
0.115646
0.115641
0.115636
0.115631
0.115626
0.115621
0.115616
0.115611
0.115607
0.115602
0.115597
0.115592
0.115587
0.115582
0.115578
0.115573
0.115568
0.115563
0.115559
0.115554
0.115549
0.115545
0.11554
0.115535
0.115531
0.115526
0.115522
0.115517
0.115513
0.115508
0.115504
0.115499
0.115495
0.11549
0.115486
0.115482
0.115477
0.115473
0.115469
0.115464
0.11546
0.115456
0.115451
0.115447
0.115443
0.115439
0.115434
0.11543
0.115426
0.115422
0.115418
0.115414
0.11541
0.115405
0.115401
0.115397
0.115393
0.115389
0.115385
0.115381
0.115377
0.115373
0.115369
0.115365
0.115362
0.115358
0.115354
0.11535
0.115346
0.115342
0.115338
0.115335
0.115331
0.115327
0.115323
0.115319
0.115316
0.115312
0.115308
0.115305
0.115301
0.115297
0.115294
0.11529
0.115286
0.115283
0.115279
0.115275
0.115272
0.115268
0.115265
0.115261
0.115258
0.115254
0.115251
0.115247
0.115244
0.11524
0.115237
0.115233
0.11523
0.115227
0.115223
0.11522
0.115217
0.115213
0.11521
0.115207
0.115203
0.1152
0.115197
0.115193
0.11519
0.115187
0.115184
0.11518
0.115177
0.115174
0.115171
0.115168
0.115165
0.115161
0.115158
0.115155
0.115152
0.115149
0.115146
0.115143
0.11514
0.115137
0.115134
0.11513
0.115127
0.115124
0.115121
0.115118
0.115115
0.115112
0.11511
0.115107
0.115104
0.115101
0.115098
0.115095
0.115092
0.115089
0.115086
0.115083
0.115081
0.115078
0.115075
0.115072
0.115069
0.115066
0.115064
0.115061
0.115058
0.115055
0.115053
0.11505
0.115047
0.115044
0.115042
0.115039
0.115036
0.115034
0.115031
0.115028
0.115026
0.115023
0.11502
0.115018
0.115015
0.115013
0.11501
0.115007
0.115005
0.115002
0.115
0.114997
0.114995
0.114992
0.11499
0.114987
0.114985
0.114982
0.11498
