1975.06
1963.47
2195.44
2787.12
2905.85
3253.32
2100.73
2142.46
2561.06
2496.13
2480.71
2729.53
2285.12
 2330.6
2562.93
2285.12
1963.47
2317.14
2354.59
2956.15
2106.12
2453.59
2821.62
2768.34
2787.68
1958.78
2106.12
2608.68
2905.85
 2762.3
2184.97
2021.88
2790.37
2496.13
2143.58
 2664.6
2729.53
3001.09
2561.06
2561.06
2593.83
 3137.2
2383.93
2382.06
3084.85
2414.84
2106.12
2012.52
 2361.9
2218.49
2143.58
2106.12
2987.37
2181.03
2910.69
2285.12
2453.59
2936.81
3137.84
2285.12
   2978
2279.68
2555.62
2259.88
2310.93
2059.34
2453.59
2012.52
2182.91
 2762.3
3042.49
2589.34
2143.58
2593.83
2322.57
2414.84
2382.06
3028.76
2285.12
2702.84
2683.33
2414.84
2865.63
2597.01
 2330.6
2824.54
2382.06
2106.12
1879.23
2673.43
2768.34
2453.59
 2522.1
2561.06
3206.04
2012.06
2096.29
2137.68
2774.33
2096.29
2171.21
2283.32
2263.65
2729.69
1831.95
3128.01
2515.65
2053.45
2443.76
2443.76
2940.09
2058.84
2740.39
3037.57
2012.06
2926.98
2486.31
 2719.7
2096.29
2152.48
2096.29
2133.75
2551.23
2981.48
2474.81
2367.55
2758.51
2367.55
1916.18
2275.29
 2406.3
2012.06
 2212.6
2275.29
1965.24
2283.32
2551.23
2307.31
2549.73
2237.83
2372.24
 2995.2
2551.23
2275.29
2908.86
2715.02
2443.76
2135.62
2372.24
3089.91
2307.31
2508.34
2794.62
2372.24
2336.65
2855.81
2275.29
2433.42
2758.51
2636.05
2058.84
2148.16
2486.31
2551.23
2858.57
 1974.6
2546.55
2312.75
1916.18
2777.25
 2719.7
2508.34
 2232.4
2715.02
 2561.4
2654.78
2314.62
2780.54
2096.29
2095.18
2275.29
2579.52
1965.24
2546.55
2953.81
2367.55
2096.29
 2719.7
2858.57
3206.36
2049.47
2265.93
2290.77
2228.47
2228.47
2325.42
 2088.8
2012.02
2165.78
2934.66
2862.04
2733.72
2640.52
1965.24
1869.36
2350.12
2734.07
2514.58
2396.94
 3043.1
2320.73
3081.19
   2428
2396.94
3081.19
1785.13
2320.73
2012.02
2811.75
2049.47
2733.72
2808.99
2469.77
2693.57
2468.83
2597.97
2090.87
2990.75
2086.93
2912.72
2730.43
2502.91
2049.47
 2386.6
 2236.5
2359.48
2101.34
2049.47
1965.24
2906.99
2002.65
1927.78
2504.41
2499.73
2672.88
2461.52
3206.36
2638.24
2048.36
2396.94
2638.24
1965.24
 2250.5
2006.63
1869.36
2350.12
2912.72
2105.66
2049.47
2858.89
2893.27
2461.52
 2386.6
2504.41
2181.65
2191.02
 2429.5
 2565.6
3037.89
2692.24
2260.49
2948.38
2640.52
2811.75
2461.52
3159.22
2228.47
2289.83
2672.88
2216.83
2325.42
2124.39
 2267.8
2185.58
2808.99
 2668.2
1965.24
2504.41
2727.51
2001.89
2815.57
2552.12
2453.26
2626.41
2221.33
2681.04
2278.94
2765.28
   2003
1918.77
1881.31
1881.31
   2003
2991.42
2453.26
1918.77
2866.25
2457.94
2594.05
 2468.1
 2244.3
2422.36
2944.28
 2647.1
2626.41
   2182
2303.65
2687.25
2626.41
2350.47
2762.51
3112.75
2812.42
2274.26
1822.89
1822.89
2278.94
2042.33
3112.75
2204.65
   2003
2144.54
1965.54
   2182
1956.18
2765.28
   2003
2944.28
3034.72
2687.25
2313.01
2591.76
2846.79
1822.89
2415.05
2423.29
2144.54
2594.05
2415.05
   2182
2457.94
2457.94
2594.05
1965.54
2350.47
2383.65
3159.89
2762.51
3034.72
2274.26
   2003
1965.54
2457.94
2866.25
2762.51
1918.77
2482.93
2594.05
2170.36
2278.94
2274.26
3052.66
2621.73
2190.03
2170.36
1965.54
2765.28
2681.04
1822.89
1738.66
2415.05
2591.76
2765.28
2190.03
2274.26
2243.36
2001.89
2303.65
1738.66
   2182
2313.01
2621.73
2135.18
1918.77
2350.47
3159.89
2059.19
1959.19
1998.52
2319.41
2479.68
1959.19
2319.41
3173.82
2826.35
 2136.5
2547.95
2414.13
2455.52
2826.35
1959.19
2306.66
 2136.5
2371.24
3477.24
1912.37
2235.13
1799.68
2424.29
2306.66
3173.82
2742.11
1916.16
2550.23
2414.13
1799.68
2962.45
2235.18
1935.79
2235.18
2826.35
2826.35
2742.11
2000.39
2179.25
1874.96
2643.44
2439.12
2822.44
3005.35
2643.44
2371.24
1715.45
1959.19
2319.41
2768.61
2276.52
1935.79
1912.37
 2718.7
1715.45
2235.13
2412.63
 2718.7
2371.24
2550.23
2990.91
2483.97
2990.91
2878.22
 2582.6
1978.68
2816.71
2962.45
2114.78
2147.15
2844.37
2138.19
2559.28
 2858.1
2235.13
1874.96
2414.13
2380.28
1959.19
1851.55
2235.13
2000.58
2550.23
 2315.5
2550.23
1978.68
2194.38
2177.52
 2582.6
2498.41
3008.85
2494.35
2822.44
2666.88
3686.98
2603.29
2179.39
2727.75
2634.51
2200.49
3141.45
2147.15
2000.39
2591.63
2138.19
2347.86
2052.26
2666.88
2563.87
1959.19
2455.52
3129.77
2498.41
2990.27
2771.76
2550.23
3309.92
2283.25
1959.19
2822.44
1916.16
2179.39
2347.86
2138.19
2000.39
2319.41
1874.96
2371.24
2259.84
3116.08
2802.98
1799.68
2138.19
2550.23
2371.28
1799.68
3005.35
 2582.6
2000.39
 2718.7
2169.99
1916.08
2726.77
1990.99
2919.33
2675.59
2508.38
2576.19
 2276.3
2623.76
1957.28
2694.41
2095.07
2071.67
2665.16
1672.33
2962.23
2240.14
2783.23
1756.57
2371.02
3091.34
2783.23
2474.56
3438.81
2136.28
2687.38
2156.43
2471.53
1957.28
1756.57
1808.43
1873.04
2192.06
1957.47
2675.59
1916.08
2306.09
2743.48
2947.79
2338.46
 3130.7
2623.76
2396.01
2267.48
 2276.3
3050.89
2675.59
2871.89
2304.93
2783.23
1831.84
2052.18
2399.65
2328.12
2127.09
2919.33
2226.09
2304.75
1788.95
2463.58
2759.87
2304.75
2311.77
2520.76
   2699
 2134.4
 2835.1
2311.77
1892.67
 2534.8
1756.57
2328.12
2104.03
 3130.7
3260.71
2759.87
 2276.3
2396.01
3643.87
 2465.2
2328.12
2272.38
1878.62
2779.32
2263.54
 2379.3
2192.02
2396.01
 2909.7
2759.87
2338.46
1990.99
2197.82
1935.57
1955.41
1957.28
1831.84
1920.01
1916.08
2507.12
1831.84
2093.38
 2455.3
1883.66
2600.32
2311.77
3098.33
2231.18
3132.73
2962.23
2623.76
2292.54
2052.18
2192.06
2436.57
 2412.4
 2455.3
1892.67
2228.73
2779.32
1756.57
2512.93
2507.12
 3480.2
2136.28
2507.12
2093.38
2117.73
3461.73
2819.14
2296.73
2095.07
2178.28
2675.59
 3166.6
2773.59
3203.31
2539.49
 2412.4
2947.79
1957.47
 2558.3
1935.57
2600.32
1916.08
2328.16
2814.99
2104.03
 2276.3
3219.36
2642.58
2328.12
2811.05
2151.26
2507.12
2440.85
2783.23
1672.33
1990.99
 2591.4
2311.77
2860.53
1747.56
2169.99
2396.01
2187.34
 3266.8
2009.15
1957.28
3207.99
1990.99
1873.04
2136.47
   2699
2507.12
1853.72
2655.46
2065.08
1633.38
3127.65
3052.39
2776.78
3096.13
3201.87
 1970.2
2537.24
 2265.8
2383.79
2065.08
2289.17
2744.28
2429.32
1933.31
1933.31
1834.28
2119.36
2229.68
1769.48
1717.62
1957.85
2289.17
2660.05
3267.37
2923.28
2065.08
1853.72
2153.07
2123.48
3441.25
2153.11
1717.62
1717.62
2584.81
1877.13
2645.65
1834.09
2701.44
2561.37
2148.39
2272.82
2908.84
1717.62
2357.06
2227.56
1633.38
1952.04
2821.58
1792.89
1896.62
2660.05
1792.89
2303.44
2865.32
2153.11
 2265.8
3093.78
2880.38
2780.19
2237.35
1918.33
1839.67
2744.28
2521.23
2259.58
2233.43
3227.85
2237.35
2189.78
2158.87
2307.19
2278.74
2262.05
2923.28
2097.33
3164.36
2048.57
3034.51
 1733.9
2342.23
2744.28
1918.33
2744.28
2373.45
2469.43
2923.28
2283.75
3096.13
2018.67
2457.74
2097.33
2237.35
2678.03
2272.82
2416.35
1717.62
2224.59
2964.67
1877.13
1633.38
2416.35
1881.06
1633.38
2097.33
2457.74
2626.21
2636.64
2552.45
2796.15
1717.62
2018.67
2097.33
1759.01
3169.04
 2908.2
1959.72
1918.33
2253.59
2050.69
2396.03
3059.38
2237.35
1839.67
2468.17
3422.78
2636.64
2734.64
2660.05
2416.35
1674.77
1918.33
2470.95
1792.89
1918.33
1792.89
 2194.5
 2689.7
2357.06
2785.67
2552.45
1834.09
1877.13
2201.19
2153.11
2237.35
2056.12
2299.51
 2401.9
2776.04
1896.62
2398.15
2584.81
2593.84
2237.35
1896.62
1938.01
2373.45
2054.43
2704.53
2237.35
2636.64
1918.33
2065.08
2636.64
2500.54
3399.86
2056.12
2762.31
3091.75
1933.31
2648.43
3091.75
1959.72
1918.33
2823.92
2785.67
1818.13
1928.99
2993.12
2138.72
2660.05
2744.28
2054.43
2289.21
3549.34
2873.63
2880.38
2357.06
2626.21
2272.82
1918.33
1792.89
2744.28
1877.13
3091.75
2607.05
2187.14
2495.85
1993.43
2032.72
1759.01
2357.06
2228.53
1914.58
2584.81
2272.82
2720.92
2035.12
 2340.9
1834.09
2289.17
2330.56
2373.45
1717.62
1692.33
2744.28
 2265.8
1952.04
1717.62
2687.04
2584.81
2533.72
1875.49
1916.46
2289.17
3133.14
1839.67
2106.48
3221.76
2153.11
1955.97
2416.35
2187.14
1896.62
3091.75
2870.75
2052.56
 2265.8
2923.28
2237.35
1834.09
2278.74
2117.48
2744.28
2720.92
1874.73
2491.99
1591.65
2276.15
2826.35
1751.16
 1955.4
2224.07
2496.54
2613.73
2233.31
 3054.4
 1876.6
2342.06
2455.15
1792.37
 2055.6
1633.05
2220.32
1854.89
3309.36
2784.96
2247.44
2276.15
2416.01
2429.22
1792.37
1872.86
2265.46
1854.89
 2014.4
1797.94
3350.75
2784.96
2276.15
2328.02
2224.07
2782.92
 1776.4
1917.99
1675.89
2594.91
 3473.5
 1776.4
 2231.1
1976.94
2951.39
2191.92
2645.32
1996.79
2159.47
2594.91
 2055.6
1692.17
2315.33
2455.15
1811.99
1863.61
1910.31
3132.43
1891.58
2317.54
1833.76
2383.45
2426.44
1811.99
2315.33
2106.66
3005.35
 2606.7
 2014.4
2700.73
1994.59
2165.26
2992.79
2006.84
2866.48
 2479.5
2735.06
3225.64
1854.89
3529.75
2187.96
1675.89
 2231.1
 2012.7
 2300.5
3160.15
 1876.6
2700.73
 2636.3
2315.33
2081.75
1792.37
2458.81
 2231.1
 1876.6
1751.16
2784.96
 1876.6
 1835.4
2119.02
2217.86
2412.25
2195.62
1727.76
3010.66
 2055.6
2623.62
2455.15
2159.46
1993.39
2249.07
 2191.7
2826.35
1976.94
2921.06
 3201.3
2096.99
 1835.4
3381.06
1947.84
2185.84
2191.92
2276.15
2173.59
2495.52
2759.72
1650.61
3094.97
1977.43
1675.89
2276.15
2510.72
1591.65
2784.96
2023.36
3656.83
2224.07
2565.32
3507.61
2111.34
2023.36
2454.13
2224.07
 2831.9
2237.01
2412.25
2759.72
1792.37
1717.28
2315.33
2679.19
 2662.8
2164.83
2700.73
2341.89
3132.43
 1876.6
3100.06
2356.43
3698.22
2354.31
1675.89
3268.53
2689.36
3085.93
2064.75
2742.12
1887.27
 2186.8
2520.89
 1893.2
2594.91
2867.12
1675.89
1797.94
 2782.2
1733.56
2191.92
2283.04
2782.92
2623.62
 3054.4
2921.06
2963.96
 2231.1
1896.28
2700.73
3136.36
2214.98
2182.87
2784.96
3503.28
2836.83
2191.92
1910.31
2603.93
2145.41
2276.15
2951.39
2784.96
3268.53
2257.78
2784.96
2023.36
2247.44
2299.17
2035.98
1675.89
2963.96
2623.62
2261.71
1717.28
2484.06
3488.36
3132.43
2594.91
2342.06
1990.99
2317.54
1914.25
2603.93
2123.87
 1876.6
2738.46
2211.86
2008.96
1917.99
1692.17
2145.41
2276.15
 1776.4
1792.37
2784.96
2242.02
 2012.7
2591.25
1891.58
 1835.4
3358.13
2552.11
3052.05
1751.16
2034.78
3399.52
2779.85
 1876.6
3231.07
1591.65
 1951.7
2075.76
2331.72
2665.01
1891.58
2387.59
2823.59
2077.63
2288.83
2963.96
1928.47
1817.79
1704.34
3180.03
2455.15
2247.44
2360.17
 2427.7
2519.65
1675.89
3127.32
1797.94
1751.16
2023.36
2963.96
2010.83
1591.65
2148.05
2247.44
1817.79
 1876.6
2331.72
1916.12
1792.55
2117.15
2647.97
 2055.6
1751.16
3132.43
 1835.4
 1876.6
1854.89
2603.93
1839.33
2276.15
3173.82
1675.89
2623.62
2899.31
1969.94
2401.74
2264.13
2288.64
1992.75
2990.51
2278.31
 3073.9
 2457.3
2261.91
1622.47
2772.18
1821.31
2636.07
1823.19
3304.72
2222.74
2177.68
1823.19
2720.31
1959.29
1538.24
 2457.3
2667.17
2300.89
1960.98
2443.13
2000.31
1781.98
2106.04
2219.07
1622.47
3126.61
2043.58
2177.68
1823.19
 2570.2
2303.01
3079.01
2401.74
1821.31
2219.07
2134.54
2158.44
2222.74
2720.31
2720.31
2179.89
2430.65
1833.85
 2354.3
2261.91
2222.74
2229.62
1674.34
2261.91
1842.86
1638.75
 2940.7
1622.47
1781.98
1823.19
3327.64
1801.47
2667.17
2609.38
2767.83
1738.95
1738.95
2400.71
1737.08
1781.98
2193.78
1959.29
 2570.2
3449.86
2537.84
2177.68
2261.91
3304.72
2222.74
2636.07
2358.84
2094.63
1579.63
2720.31
2621.39
1738.95
 2138.5
1969.94
2720.31
2106.05
2222.74
1737.08
2706.31
2306.76
 2761.7
1738.95
2170.65
 2138.5
1744.52
 2274.6
2261.91
3215.12
3130.84
2177.68
   2580
1538.24
2222.74
2553.29
2091.99
1622.47
1744.52
2358.84
1823.19
2677.46
2002.18
1937.57
1969.94
2625.77
1923.52
2467.93
2303.31
2002.18
1969.94
2729.51
3277.93
2550.51
1538.24
1758.58
1780.34
2053.24
2058.56
1823.19
3420.08
2177.68
1744.52
2770.17
2132.42
 2138.5
2212.04
1875.05
2002.18
3067.78
2313.64
 2611.6
 2570.2
 2570.2
2560.31
1538.24
2726.44
2729.51
2129.45
1597.19
 2138.5
2091.99
 2442.1
2170.65
 2761.7
3067.78
2120.17
1622.47
2303.31
1781.98
1923.52
2261.91
1801.47
1663.86
1622.47
2170.65
1821.31
2783.37
2381.31
1622.47
2720.31
1864.58
1697.75
1823.19
3041.56
2401.74
3071.22
1785.92
3035.41
1622.47
2728.78
3346.11
2138.29
2550.51
2303.31
2706.31
2720.31
1821.31
2636.07
1953.42
3147.88
2133.38
 3073.9
3177.66
2628.74
2636.07
2438.58
 2175.3
1864.58
   3213
1869.19
2222.74
3369.03
2509.32
1758.58
 2142.2
3109.17
2303.31
2374.29
2170.65
 3031.9
2264.13
2856.41
3346.11
1650.93
2899.31
2022.34
2899.31
3067.78
2222.74
3032.51
2011.33
1801.47
3032.51
2401.74
2002.18
3203.88
3067.78
3168.01
1957.42
1801.47
2856.41
2899.31
2261.91
1955.54
1823.19
1663.86
2720.31
2897.98
2278.31
2168.78
2179.62
4907.75
1916.17
2381.63
 2186.5
2663.19
2095.17
2262.11
2134.56
2414.19
2358.62
3325.92
1579.36
2179.62
2527.09
1949.64
3124.89
2179.62
 1649.2
3411.08
1579.36
 1778.2
2592.96
2095.39
2179.62
1780.07
2134.56
2854.86
2095.39
2381.63
2134.56
2134.56
2086.33
1495.12
1910.31
1737.23
 1778.2
2507.39
2510.17
1620.75
2582.66
2127.54
1536.51
2095.39
2034.16
2582.66
2140.48
2119.52
1821.46
2346.34
2677.19
 1778.2
2592.96
2276.58
2527.09
2270.53
2231.49
2260.19
1780.07
2455.58
2507.39
2677.19
2263.64
2624.05
1959.07
2424.81
1595.64
2315.72
2134.56
2358.62
1695.83
2381.63
1926.83
2535.09
2507.39
1926.83
1607.81
1695.83
2257.77
1959.07
2221.01
2896.25
2535.09
 2192.3
3024.66
1795.05
2127.54
2077.06
2485.37
2259.89
 2218.8
 3485.6
3160.76
2638.52
1738.87
2686.39
1495.12
2179.62
1931.15
2856.19
2221.01
 2218.8
2992.29
1579.36
1780.07
3063.61
2235.19
1831.94
3046.83
1695.83
1949.88
2774.63
2856.19
1894.46
2568.48
2046.41
2245.53
2854.86
1654.63
2729.06
1959.07
2260.19
2527.09
2592.96
2062.93
2245.53
2110.15
2000.46
1780.07
1790.73
1912.43
2099.09
 3083.5
3024.66
2566.27
1715.46
2466.21
3284.53
2592.96
2091.42
1880.41
1654.63
1654.63
2034.16
1821.46
1554.07
2699.36
1983.42
2677.19
2677.19
 2218.8
2220.72
2175.96
3066.05
1631.23
2095.39
 2218.8
2897.58
1758.36
2677.19
2718.58
2427.16
2304.95
3024.66
2677.19
2819.42
1758.36
2179.62
1898.06
1579.36
1579.36
2278.09
2127.54
2813.29
2311.18
2624.05
2455.58
1495.12
1910.31
1780.07
1780.07
1738.87
2077.06
2998.69
1780.07
2168.93
2179.62
1968.22
1959.07
1926.83
 2754.1
2062.94
1695.83
 3026.1
1620.75
3069.49
1495.12
1826.07
2685.67
2291.06
1758.36
2663.19
2585.63
1926.83
2718.58
1701.41
2727.78
3298.31
2226.13
2134.56
1701.41
1880.41
2455.58
1991.27
1738.87
2179.62
2048.88
2653.84
1579.36
 2248.5
2089.31
2136.78
 1778.2
2245.53
2235.19
2578.27
1758.36
3024.66
 2186.5
2416.97
1790.73
3104.76
3129.11
2677.19
3376.97
2813.29
1949.64
1799.75
2727.06
2856.19
2536.88
2338.74
2297.35
2358.62
 2218.8
2494.72
3234.81
1579.36
 2573.6
2856.19
3129.11
 3026.1
2175.96
1813.78
2235.19
2175.96
1715.46
2507.39
2484.64
2213.16
2527.09
2315.72
2854.86
2677.19
2358.62
1780.07
1693.96
2634.35
2331.17
2400.01
2860.81
1917.86
2702.71
 1914.3
1916.17
2127.54
2077.06
1579.36
1693.96
3346.16
 1914.3
3160.76
 1778.2
2975.93
2975.93
3110.59
2501.26
2168.62
   1866
2974.48
1444.95
2627.02
1643.79
2084.39
1815.23
3234.35
2652.53
2479.88
   1866
1930.92
2153.79
2136.33
2763.12
1908.89
2216.65
2125.78
2924.74
1879.62
3326.79
2084.39
2763.12
2444.55
3248.13
2331.46
2804.69
2708.53
2532.48
2308.44
2195.35
1901.33
1908.89
2457.22
2484.91
2045.21
2308.44
2432.45
2168.62
2127.57
2804.69
2676.88
3360.91
3423.25
2769.25
2077.36
2513.85
2136.33
3054.59
2457.22
2299.01
2084.39
2048.09
2084.39
2532.48
2627.02
1899.46
2724.45
2129.45
2125.78
3110.59
2613.02
1665.28
3074.71
2611.14
2974.48
2459.99
2445.45
2376.98
1983.99
 1817.1
2254.78
2648.35
2535.88
3078.94
2714.22
1529.18
2588.35
1876.65
2245.46
1908.89
2532.48
2296.17
1645.66
1728.02
2806.01
2413.93
1700.62
2170.54
2703.92
2012.75
2942.12
1758.92
1729.89
2168.62
1744.88
2636.22
2185.01
1645.66
1529.18
2226.41
2484.06
2300.89
2806.01
2627.02
1529.18
2242.49
2140.73
1729.89
1529.18
   2045
2627.02
1847.88
 1629.7
2105.54
2210.01
2386.68
2331.46
2168.62
 2090.3
2084.39
2181.31
1815.23
 2486.7
 2248.8
2074.02
1729.89
2066.47
3145.92
1708.18
2977.45
2264.61
2084.39
2627.02
1708.18
 2486.7
2254.78
2806.01
2374.64
1645.66
2476.91
2612.08
2210.01
1901.33
2077.36
3234.35
2077.36
1983.99
1899.46
2125.78
2516.09
2810.64
2804.69
2025.38
1708.18
1876.65
1545.46
1729.89
2627.02
 2528.1
1529.18
2996.66
2265.55
1444.95
2756.27
1937.92
2276.98
3234.35
1529.18
2052.09
1643.79
3033.32
2168.62
   2281
2129.45
2476.91
1781.76
1581.05
2457.22
2224.96
3275.74
2170.54
1846.69
2254.78
1876.65
2080.33
2274.01
2542.78
1895.03
1444.95
2636.22
2542.78
2045.21
2084.39
2168.62
1700.62
1599.03
1729.89
4857.58
1545.46
3208.98
1670.01
2211.93
2678.88
2573.87
2170.54
2649.19
2332.79
2374.64
1806.11
3078.94
2265.55
1665.28
2300.89
2374.64
2308.44
2769.25
2975.93
2168.62
1899.46
1728.02
2542.78
2484.91
2106.39
2769.25
1728.02
1616.39
1729.89
2129.45
1844.28
2476.91
2084.39
2045.21
2416.03
2026.88
2129.45
2974.48
2403.96
2682.32
2804.69
2372.85
2213.46
2185.01
2364.01
2129.45
2798.46
2240.88
2162.99
 2486.7
3013.44
2224.96
2572.43
2798.46
2129.45
2329.09
2085.66
2164.47
3065.04
2038.84
2928.94
2080.23
2879.19
1769.68
1802.34
2166.39
2080.23
2470.55
 1889.5
3064.86
2044.76
   2060
1853.91
 3377.7
1598.24
2928.94
1483.64
2602.81
2318.47
2197.29
3139.09
2662.99
2530.12
2931.91
 2083.9
2082.03
1662.63
 1844.8
 2262.9
2167.92
1682.47
 2083.9
2329.09
2326.75
3033.39
2497.23
2038.84
2431.37
2250.62
1619.74
1600.11
2329.09
2036.46
1820.45
4812.03
 2083.9
 2155.9
2486.94
1643.14
2760.47
 2677.6
2530.12
 2083.9
2179.42
3033.39
1483.64
1999.45
2497.23
3065.04
2581.47
2127.06
 1968.2
2368.39
1820.45
   1881
1855.79
   2220
2370.48
2031.82
2759.14
1999.66
1855.79
2228.47
2255.34
2581.47
2411.67
2020.92
1570.84
2139.47
2031.82
2737.04
2930.38
2329.09
 2262.9
3202.59
1849.48
2038.84
2085.66
 2155.9
2658.38
2571.51
2044.76
2199.92
2209.23
2581.47
1598.24
3412.33
2636.77
1600.11
2598.96
 2262.9
1892.38
2759.14
2606.99
2329.09
1682.47
2519.39
2490.33
2321.25
2486.94
2038.84
 1535.5
2289.31
1682.47
   2399
1682.47
1999.66
1684.35
2538.12
2411.67
1999.66
 1399.4
1798.74
1853.91
 2083.9
2139.47
2946.43
2203.26
2674.22
 1831.1
 2083.9
1863.35
2123.08
2370.48
2581.47
2285.91
3281.25
1655.08
1600.11
1662.63
2568.57
 1831.1
2117.44
2358.41
 3188.8
 2468.3
1981.34
2028.48
 2327.3
2289.31
2434.34
2149.81
3243.86
1718.06
2896.57
2370.48
1483.64
2590.67
2399.91
2489.91
1483.64
2760.47
2060.85
2439.37
2123.08
2124.99
2431.37
2090.78
2196.95
2526.88
2231.44
2006.55
2431.37
2566.53
2590.67
1684.35
2486.94
1600.11
1655.08
1684.35
2210.28
 1831.1
2038.84
1834.07
1483.64
1863.35
2567.47
1853.91
2179.42
1853.91
2752.91
2031.82
2497.23
2528.33
2486.94
1713.38
2752.91
2759.14
2928.94
2038.84
2668.67
3230.19
2253.47
1880.14
2210.28
1684.35
2123.08
2038.84
2438.52
1736.22
2124.99
2044.76
1938.44
1979.83
2581.47
2318.47
2002.54
2710.72
1483.64
3100.38
2052.44
1684.35
1499.91
2080.23
2065.53
2633.34
2717.57
2255.34
2329.09
3813.15
3025.07
2717.57
2052.44
2180.86
1725.74
2095.18
2205.07
2760.47
1619.74
 1399.4
1967.21
1708.69
1553.48
2930.38
1960.52
2090.78
   2220
1662.63
2038.84
2090.78
2581.47
2190.65
2038.84
3009.04
2439.37
1863.35
2930.38
2034.79
1796.76
2123.08
2135.77
 2171.1
   1881
2123.08
1684.35
 1399.4
1771.55
1558.91
1684.35
1699.33
2113.69
1628.25
1429.41
1345.18
2377.14
2304.19
1744.51
1429.41
2663.73
2201.11
1608.41
2663.35
2527.24
3323.47
2622.34
2070.77
2256.68
1565.51
2842.34
2165.78
2432.36
2068.85
2160.16
2527.24
2110.24
1959.13
1809.12
2029.67
2779.83
2142.72
1446.27
2211.89
1984.62
2416.95
1776.88
2527.24
1429.41
1990.53
2068.85
2380.11
2443.01
1980.56
2698.68
1912.98
1825.91
1630.12
1630.12
2264.24
2435.68
1682.56
2443.01
2536.45
1945.22
1630.12
2513.24
2502.47
1790.57
2201.47
2604.15
2165.78
2201.11
1801.56
2416.95
1446.27
3010.81
2527.24
1966.69
1630.12
2507.63
2196.39
1795.25
2706.24
1769.77
2357.45
1429.41
 2286.9
1779.85
1977.59
1600.85
2185.91
2663.35
2316.26
2874.74
2314.16
2125.19
2527.24
1445.69
2375.39
2116.88
2377.14
1345.18
2029.67
1977.59
2543.86
2472.66
2068.85
2608.76
2068.85
2579.11
1927.11
2877.68
3148.36
2081.54
1429.41
2502.47
2614.45
1974.25
2208.67
1945.44
 2306.6
2527.24
 2170.5
1565.51
1945.44
1766.22
2874.71
2377.14
2063.21
1600.85
2622.34
2068.85
1945.44
1838.15
1481.28
2698.68
1766.22
2608.76
1499.25
2145.69
2874.71
1630.12
1823.03
1598.33
2979.16
2112.16
2208.67
2548.58
2296.61
2533.37
 2780.2
2332.67
2149.03
2070.77
3109.21
2026.01
1717.33
3766.41
2432.71
1659.15
2876.16
3010.81
1948.32
1984.62
1760.36
2704.92
1776.88
1545.89
3109.21
2876.16
2040.95
3294.26
1545.89
1681.99
2443.01
2068.85
2185.91
2876.16
1776.88
1545.89
2375.39
2068.85
1984.62
1345.18
2029.67
2112.16
2536.45
2063.21
1801.56
2574.76
   2155
1809.12
2125.19
1429.41
1608.41
2006.62
2533.37
3063.44
2029.67
   1854
2874.71
2208.67
2706.24
1809.12
2704.92
1977.59
2432.71
2029.67
3046.15
2706.24
2833.35
1608.41
2112.16
3022.05
2416.32
2030.03
1630.12
2512.31
2874.71
2344.77
2029.67
1654.47
1516.62
2316.26
 2227.3
1864.42
1984.62
1591.52
2463.87
2121.55
2644.21
2032.46
2660.08
1306.57
2258.01
 1989.2
 3024.6
 3013.6
2141.11
2294.07
2211.46
1951.93
1721.76
 2877.5
1738.28
1938.99
1938.99
1569.81
1390.81
1948.23
1787.31
1591.52
1678.72
2138.61
1991.43
2004.81
2644.57
1390.81
1761.09
2307.08
2211.46
2394.11
 2877.5
1589.65
1770.52
2570.16
2497.84
2415.26
2823.57
1770.52
2032.46
2709.03
1589.65
1442.67
1941.96
2032.46
2341.51
1906.62
1968.02
1770.52
2130.93
2983.45
2032.17
2339.64
1909.72
1591.52
1526.91
1591.52
2959.87
1946.01
2497.84
2141.11
1751.97
2099.53
2530.03
2551.37
3193.07
 2877.5
2078.28
 2445.8
1507.28
2530.03
2440.47
2786.36
2845.13
1705.91
1762.96
3095.97
2127.98
2863.42
2346.63
1507.28
   2268
2442.53
3368.18
2666.31
1938.99
2032.46
2666.13
2104.12
1948.23
2509.98
2463.87
2135.64
1799.55
3007.55
2306.98
2075.09
2170.33
2469.02
2034.23
2415.26
2666.31
1874.38
2356.84
2514.16
2173.28
1948.23
2024.61
 2445.8
2863.42
1507.28
 2445.8
2599.97
1948.23
1946.01
1306.57
2082.12
2162.51
1569.81
 2116.4
2084.33
1526.91
1507.28
1562.25
2379.93
 2581.9
 2168.2
2107.09
2613.42
3070.61
2709.03
1589.65
2034.23
2784.76
1738.28
 2877.5
 2445.8
3271.73
2379.93
1407.66
2318.84
2786.36
2225.64
3109.76
1507.28
2920.86
2030.25
1928.09
2211.46
 2116.4
 2252.5
2752.39
2524.71
2354.32
1643.39
2530.03
2530.03
1577.71
2837.55
1390.81
2168.56
2032.46
2839.08
1967.17
1390.81
2379.93
1591.52
2127.98
 1826.3
1738.28
1910.54
2565.55
2397.08
2741.23
1569.81
1407.66
1591.52
1761.09
2032.17
1756.65
2168.27
2660.08
2644.21
1507.28
2666.13
2347.56
2916.21
1761.09
2616.29
1306.57
1967.17
2530.03
1910.54
 2116.4
2872.18
1591.52
2514.16
3024.84
 1989.2
1721.76
2135.64
1741.25
1591.52
1784.42
2438.56
1620.55
1591.52
2516.03
2166.35
2218.08
1390.81
3188.42
2524.71
1591.52
1569.81
1920.53
2837.55
2131.89
1390.81
1938.99
2168.56
1390.81
2784.76
2394.11
2032.46
2379.93
1727.62
1589.65
1888.51
1935.65
1762.96
 2116.4
1478.01
2940.56
2032.46
 2299.4
2530.03
1615.87
1390.81
2211.46
2030.25
2236.26
3046.26
2509.98
1770.52
2078.28
2275.56
2475.45
2709.03
2032.46
2959.87
2236.26
2709.03
2379.93
2393.76
1589.65
2162.51
2030.25
2110.43
3070.61
1727.62
1562.25
2372.37
1825.82
1589.65
2160.64
1407.09
1738.28
2043.74
1306.57
1589.65
2616.29
2575.85
 2877.5
 2252.5
2162.51
 3013.6
3255.65
2837.55
2999.52
2032.46
1589.65
2530.03
 2168.2
2530.03
1963.42
2378.35
1591.52
1974.32
2226.92
2974.31
1687.98
2463.87
1901.64
2479.74
1982.17
2423.41
2210.68
1256.28
2395.51
1687.98
2474.42
2561.26
2080.64
2474.42
2385.21
1541.23
1983.94
1979.96
1671.47
2364.97
1340.52
1860.25
2110.35
1539.36
2087.85
2658.74
2465.74
2118.27
2084.57
2695.62
2296.25
 1593.1
2593.92
2066.11
1983.94
2289.35
1476.62
2615.84
2413.58
 1888.7
1659.22
2346.79
2048.08
2615.84
2109.69
1981.87
1456.99
2909.58
 1888.7
2577.18
1541.23
1519.51
1856.33
2593.92
2813.13
2202.21
2821.88
2066.11
2090.82
2395.51
2827.21
1541.23
2278.35
2075.95
1392.38
3045.68
2923.79
1511.96
2388.26
1675.46
1541.23
1838.22
2031.83
2112.22
2348.15
2501.07
2658.74
2658.74
2515.26
2390.18
2161.17
2992.23
2794.84
1519.51
1720.23
1519.51
1954.52
1879.61
1256.28
2827.21
3317.89
1982.17
1830.66
2479.74
2479.74
1795.32
2963.31
2060.14
2827.21
   3196
2116.06
2259.29
1895.72
2531.61
1824.09
3142.78
 1710.8
2827.21
2075.95
2202.21
2077.69
2736.07
2075.01
2734.47
2773.28
2117.98
1895.72
2995.97
1659.22
2413.58
1677.33
1687.98
 2024.8
2329.64
2006.69
1712.67
2256.69
2142.79
2813.13
2425.15
1979.96
1687.98
1982.17
2329.64
1541.23
   2566
1539.36
2066.11
2395.51
2304.03
1340.52
 1710.8
 2464.8
2392.24
1982.17
1340.52
3221.44
2459.69
1700.61
1476.62
2118.27
1982.17
2479.74
 1763.3
1979.96
1712.67
1340.52
1720.23
3020.32
2120.04
1340.52
2479.74
2479.74
 1888.7
2479.74
1340.52
2297.27
1897.94
2034.04
2563.86
2364.97
2291.65
1897.94
1427.72
1256.28
1539.36
1456.99
2254.01
3292.52
2658.74
2296.34
2463.87
1720.23
2965.18
2322.08
3134.38
1836.71
1541.23
2734.47
1655.62
2949.23
2329.64
2055.48
1982.17
1897.94
1982.17
1541.23
2223.95
2423.41
1700.61
1860.25
2909.58
1527.41
2249.11
2185.97
1519.51
1859.42
1675.46
1593.67
2787.26
1511.96
2329.64
2161.17
2117.91
1628.43
1677.33
1456.99
1981.87
1938.91
1720.23
1897.94
1539.36
2549.68
1340.52
2736.07
2090.82
2594.28
1993.45
 1888.7
2385.21
2185.97
3138.13
2862.18
2077.69
1541.23
2066.11
1776.01
2161.17
 1710.8
2870.57
2090.63
1539.36
2395.51
2506.94
1982.17
1675.46
1891.67
1256.28
1456.99
 2421.7
1340.52
1541.23
1541.23
2161.17
1919.38
1456.99
1541.23
2657.41
1982.17
2479.74
   2566
1690.95
 2702.1
2865.92
2919.61
1297.75
 1628.7
1845.93
2644.87
2506.91
3278.54
2770.36
1677.46
3015.31
 1939.4
 2691.7
1297.75
1496.59
1911.42
2770.36
1940.69
2949.46
2033.98
1739.98
1834.23
1668.03
 2421.1
2381.63
3049.66
3191.81
2345.84
2066.93
3142.44
 1669.9
1213.51
   2221
1668.03
2784.44
2436.97
2490.67
 1939.4
2203.92
2614.64
2382.39
 2143.2
2352.74
1476.75
2023.34
1498.65
 3277.6
1989.06
2920.54
1498.46
3362.54
2342.44
1939.11
 2827.8
1845.93
2779.12
1469.19
2739.45
 1939.4
1498.46
3275.12
2286.87
1349.61
2784.44
2340.03
1645.22
1677.46
1414.22
 2075.5
2248.88
1937.19
2003.21
 3277.6
1739.98
2801.93
2644.87
2477.15
1937.53
2380.64
2730.51
2615.97
3720.54
1616.45
1648.19
1911.75
2003.21
1677.46
2174.65
 3277.6
1793.94
1476.75
1988.92
2700.44
1476.75
2139.31
1845.93
3091.61
2304.02
1433.85
 2879.2
2931.54
1787.89
1858.87
2416.92
1645.22
1994.97
1852.95
3178.67
3407.65
2073.29
 2322.2
2431.65
2422.97
1858.87
1991.27
2203.92
2023.34
1645.22
2375.36
2261.26
3549.81
1616.45
1496.59
1852.95
1213.51
2919.61
2023.34
1498.65
 2118.4
2529.73
2752.07
1213.51
1645.22
1950.68
3720.54
2644.87
1498.65
2069.45
1498.46
1498.46
1781.32
1855.17
 2879.2
 2143.2
1616.45
1668.03
2074.57
1414.22
1213.51
2381.63
2342.44
2436.97
 2693.3
3549.81
2034.92
 1848.9
 2879.2
1982.03
1498.46
1845.93
1739.98
 2143.2
2422.04
1939.11
2431.65
2659.33
1414.22
2023.34
2456.36
1297.75
 2041.8
3142.44
2203.92
3100.01
2321.92
2286.87
2866.81
2159.44
2370.81
2436.97
 3277.6
2521.09
2352.74
2286.87
2112.13
2017.37
1657.84
 2254.5
3002.91
2279.31
1657.84
1940.69
2286.87
2003.21
2416.92
1476.75
2213.92
2780.97
2075.21
2458.02
1297.75
2436.97
2458.31
1940.69
 2118.4
1677.46
3142.44
1550.33
1634.75
1858.87
1963.92
1414.22
 1939.4
 2691.7
2523.23
2644.87
1414.22
2551.51
1904.89
2352.74
2286.87
2819.41
2920.54
2235.59
 1550.9
2488.84
2517.74
2919.61
2076.79
1795.45
2518.49
2100.02
2378.93
2564.33
1612.85
 1939.4
2784.44
 2118.4
2363.31
1496.59
2694.38
1634.56
2523.23
2906.46
1845.93
1616.45
2253.57
1677.46
3153.23
2203.92
1816.66
 2879.2
2164.95
2615.97
1904.89
1739.98
3142.44
2381.63
2347.41
2445.45
1996.48
3407.65
1937.19
1585.66
2518.49
1496.59
2615.97
2740.38
1752.55
2774.92
2159.44
1940.69
1855.17
 1628.7
2482.79
2564.33
2922.42
1668.03
1733.24
2049.56
 2345.5
2033.18
1498.46
2881.02
2472.49
2048.05
2005.31
1876.08
1817.48
2003.21
 3277.6
1384.95
2381.63
2047.86
2615.97
2370.81
 2118.4
2866.81
2573.07
2780.03
1855.17
1855.17
2352.74
1813.56
2977.55
2784.44
 2322.2
2422.04
1169.82
3233.91
1811.47
1492.41
1370.53
1893.49
2601.17
1433.05
2467.99
1737.62
1798.49
1633.76
2823.12
 1744.2
2309.04
2243.17
1890.09
1951.28
2761.62
3098.74
2595.55
2002.46
2446.98
2748.87
2074.71
1696.28
1800.36
1601.52
2486.03
1895.41
2292.69
1696.28
2115.75
2121.25
2204.75
1572.76
2387.95
1802.23
1947.57
2235.61
   1897
1433.05
1254.05
2479.54
2130.27
1991.22
1951.28
2731.66
1952.78
3098.74
2615.35
1452.89
1614.15
1895.41
2278.51
2694.95
2156.48
1979.65
2074.71
 1744.2
1454.76
1633.76
 2033.1
2160.23
1587.12
1959.52
2479.25
2020.14
2414.61
1506.63
2444.64
1890.09
1572.76
1811.47
2508.39
1959.52
2558.84
2570.95
   2701
2298.74
2298.74
2740.75
2026.19
1989.48
2243.17
1938.33
   1897
1934.59
1832.39
2731.22
1254.05
2074.71
2393.28
2474.79
2336.95
2835.51
   1897
1492.41
2463.22
2309.04
3231.42
1254.05
2835.51
1633.76
3098.74
1601.52
2572.28
2337.94
1433.05
2257.35
1895.71
1622.46
2866.39
2731.66
1895.71
3106.87
2327.11
2694.95
1941.52
2074.71
1454.76
2160.23
1802.23
2702.33
 2301.8
1909.88
3116.23
3676.84
1492.41
2730.28
2696.69
1959.52
2523.33
2887.84
2099.51
2393.28
2243.17
2387.95
2479.54
2784.11
3148.12
1895.71
2964.71
1492.41
2303.72
2708.38
2433.13
3233.91
2572.28
2393.28
 2725.6
2758.24
1750.25
2780.59
1890.09
3098.74
2834.66
1893.49
1811.47
2410.77
2160.23
2031.51
1906.99
1305.92
2309.04
2595.55
2740.75
2439.09
2656.74
2601.17
2726.66
2866.39
2373.22
1790.53
1696.28
2200.85
1979.65
2335.24
1454.76
2686.82
2097.17
2182.09
3363.96
2005.87
2298.74
1981.06
3234.85
 2700.8
3233.91
2529.38
2834.66
2115.75
2731.22
1451.02
2759.75
1751.75
2327.11
2595.55
2572.28
2373.22
2210.81
1454.76
2737.27
1169.82
1633.76
1451.02
   1897
1696.28
2875.91
2337.94
3134.97
1979.65
3056.31
1633.76
1998.11
3506.11
2337.94
2844.03
2887.55
2726.66
3228.79
2132.51
1169.82
1895.71
2572.28
2476.67
2844.03
2862.77
2476.67
2337.94
2616.08
2740.75
1945.36
2875.91
2243.17
1802.23
1390.15
2309.04
2870.79
2615.64
1811.47
2965.56
2508.39
2197.88
3318.85
2095.62
2170.22
1451.02
3047.92
1492.41
1981.06
2379.28
2259.25
1590.87
1454.76
1773.78
1989.48
1601.52
2959.22
2601.17
1809.26
2595.55
2507.82
1433.05
1839.88
2217.57
2974.08
2477.39
1923.19
2336.95
2735.42
2971.61
1628.51
2486.03
2338.69
2876.85
1802.23
1809.26
2474.04
2433.46
1895.71
2160.92
2177.31
1868.06
2823.12
3138.59
1689.55
2257.35
1370.53
2775.71
2278.51
1370.53
2835.51
2160.92
2373.22
2905.76
2160.23
 2725.6
   2648
1254.05
1959.52
2601.17
2835.51
1454.76
2243.17
2025.76
1802.23
1587.12
 2029.6
2296.33
2606.72
2875.91
2529.56
2205.19
 1744.2
1169.82
2099.51
1979.65
1370.53
3005.96
1601.52
1569.15
2740.75
2393.28
1370.53
   2648
2802.64
2292.59
2595.55
2428.79
 1744.2
1769.87
2031.81
2004.16
2025.76
2099.51
2795.56
 2152.5
2445.15
2776.82
2105.19
1754.22
1734.22
1399.73
2468.29
2077.47
2676.62
3338.72
2676.62
1517.72
 2963.1
3095.14
2318.19
3043.71
1970.72
1950.83
3173.76
2704.71
2468.29
1571.17
1926.03
2338.24
1437.37
2293.59
1840.67
2083.53
 2389.6
3182.29
1696.72
2318.62
2424.21
2833.05
3358.37
2546.14
2083.53
1535.83
1764.07
1970.72
3659.81
4293.89
2103.61
2822.93
2021.38
2820.88
1943.07
1399.73
3529.76
2391.94
1840.67
1947.42
3452.01
3312.34
4017.81
2546.14
1840.67
1926.03
2281.91
2237.65
3182.29
1486.93
2685.71
1634.03
2676.19
1399.73
1924.61
3610.93
2075.24
1936.19
2948.83
2105.89
2347.44
2359.57
1437.37
2338.24
1395.98
1936.19
 2703.2
2248.68
1567.42
   2431
 1747.2
3182.29
2474.34
2547.81
2631.78
1634.03
1840.67
2561.04
1718.75
3182.29
2355.73
2453.35
 2389.6
2561.04
2685.71
1689.16
2312.57
2088.45
1840.67
1926.03
1840.67
1770.13
2239.71
1653.82
1399.73
3086.17
1976.77
3043.71
2895.28
 3318.4
2213.58
1896.24
1653.82
2168.44
1437.37
2182.52
1517.72
2182.52
3529.76
2202.32
2515.91
1634.03
1399.73
2281.91
2474.34
2332.92
2338.24
1399.73
 3061.2
3312.34
2728.17
2083.53
1735.49
2283.66
3297.33
2936.67
2324.24
2042.14
2044.47
2776.82
2806.67
 1747.2
2066.21
1890.33
2355.73
1689.16
 3318.4
 1747.2
2815.76
3182.29
2641.65
1840.67
2360.66
2042.14
1976.48
2685.71
3529.76
1689.16
2232.75
3182.29
3887.76
2318.19
2685.71
3529.76
1840.38
2239.71
 2963.1
2391.94
1573.48
   2431
3000.37
1832.82
2103.61
3887.76
1399.73
2782.94
 2589.2
3182.29
2060.71
2682.24
1517.72
2453.35
2419.76
2182.52
2546.14
1696.72
 1747.2
 1883.3
2791.66
2188.14
1535.83
2162.53
2206.31
2821.81
2528.04
3043.71
   2431
2368.85
1970.72
2282.72
2338.24
   2431
2192.19
1399.73
2676.62
2919.04
 1747.2
2948.83
2476.76
2338.24
2561.04
2105.19
2806.67
4023.86
1399.73
2083.53
2338.24
2083.53
1315.49
   2431
2511.92
1897.75
1934.45
3665.86
1934.45
2950.92
2105.19
2188.14
1399.73
1840.67
1840.67
3182.29
3043.71
2188.14
2788.99
3887.76
2188.14
1567.42
2243.71
3093.08
1517.72
1976.77
1634.51
2338.24
2105.03
1919.98
2800.25
1399.73
2676.62
2820.88
2338.24
3263.81
2105.19
   2431
2546.14
 2241.3
2223.47
 2703.2
2791.66
2641.05
3887.76
2511.92
1926.03
2105.89
2652.89
2188.14
2676.62
2076.26
1885.28
3179.81
2213.58
3063.86
1853.63
2250.77
1928.54
2285.29
2134.25
3129.34
1717.37
 1681.4
3397.45
3129.34
2415.34
2135.19
 2307.7
2149.36
1892.77
2129.57
1346.78
1917.77
2028.87
2897.97
1506.16
2990.75
2623.67
3964.85
1262.54
2990.75
2632.76
 1545.3
3033.21
2753.72
2265.67
 2400.4
1922.88
2723.87
 1545.3
 2035.5
2762.81
2366.81
2421.39
 1545.3
2623.23
2273.44
 3120.8
2493.18
1346.78
2378.04
1881.49
2386.87
2676.12
3265.44
2334.28
2265.24
2623.67
2062.07
1779.87
2058.59
3606.86
2948.32
2271.29
2285.29
1873.07
2265.67
3129.34
2022.29
3476.81
2250.77
2632.76
1636.21
2229.77
1600.87
1514.47
2650.25
3261.35
3259.39
1514.47
2681.75
3476.81
1787.72
2767.92
1650.57
2768.86
2623.67
1787.72
3259.39
1787.72
2285.29
 1681.4
1665.79
1917.77
1925.97
1636.21
1636.21
2250.77
1464.77
2632.76
1860.42
 1545.3
3265.44
1600.87
1506.16
2378.04
1925.97
1787.72
2947.42
1901.81
3074.75
1787.72
1892.77
2135.19
3669.66
2895.87
1843.29
2727.29
2895.87
2496.85
3129.34
2259.62
2259.62
1923.82
2767.92
2285.29
1682.54
2285.29
3042.18
2285.29
1991.52
2540.02
2115.49
2052.07
2395.72
2092.86
1343.03
2190.76
1692.37
2753.72
2727.29
2285.29
1581.56
1514.47
2129.57
2135.19
2250.77
3305.42
3432.75
2409.54
1787.42
3126.86
2371.26
2285.29
2508.09
2623.67
3399.06
1525.77
3834.81
2623.67
1983.67
2493.18
2769.98
2990.75
2013.26
3040.13
 2184.7
2270.35
3834.81
2395.72
1923.82
 1545.3
2359.82
 1545.3
3129.34
1892.77
 1545.3
2338.99
2129.57
2493.18
2135.19
3612.91
2259.62
2462.96
3285.77
2723.87
1464.77
3834.81
2135.19
3129.34
2632.76
3476.81
1643.77
1844.79
2259.62
 2724.8
3970.91
2062.07
2334.28
1522.03
1892.77
2195.73
1787.72
3557.98
1787.72
2508.09
1923.52
3210.86
1787.72
2228.96
3834.81
1694.24
 1545.3
2415.34
2294.49
3129.34
2334.28
 2264.3
1925.97
2675.22
2990.75
 1344.9
3476.81
2062.07
2421.39
2629.29
1873.07
1787.72
3129.34
2493.18
2155.81
 1974.6
1302.04
 3084.6
1808.74
2420.35
2946.02
2420.35
1481.04
 1838.5
 1903.6
1783.74
2543.96
3920.12
2511.23
2294.25
 1838.5
1599.03
2289.54
3214.65
2007.34
1302.04
2463.36
1800.06
1599.03
1643.54
3790.07
2289.54
 2280.5
2322.07
2897.87
1235.24
 2197.2
1770.47
1649.51
2322.07
1591.47
2420.35
3562.12
2767.82
2333.31
2926.06
1808.89
2853.24
2517.75
1621.06
1471.61
1808.89
2246.81
1987.12
2653.86
3371.08
1235.24
2007.34
2355.67
 1903.6
3432.07
2511.23
1999.78
1881.23
1968.55
2185.97
2214.88
1591.47
2214.88
2185.97
1938.94
2511.23
3432.07
2089.51
2007.51
1420.03
2630.68
 1767.5
2556.45
 2364.8
1968.53
2017.34
1371.34
2185.97
3432.07
1420.03
2767.82
2556.45
2641.28
2276.07
 1838.5
3125.81
1591.47
3220.71
 1974.6
1461.42
1298.29
1298.29
1436.27
 3084.6
1300.17
1946.78
1643.54
 3084.6
1302.04
1727.57
1438.14
2017.34
1828.34
2214.88
1469.73
 2550.4
 1838.5
2767.82
 3084.6
2214.88
2903.92
3624.92
1605.84
2220.93
1785.61
3214.65
1968.55
2104.63
2084.83
2225.62
2289.54
1298.29
3352.72
1591.47
2185.03
1735.13
 1217.8
1469.73
2767.82
1828.34
1649.51
3125.81
2641.28
 1883.8
1556.13
2985.96
2220.93
2463.36
2175.81
2543.96
1649.51
 2280.5
3513.24
2723.19
2146.02
1420.03
2013.85
2333.31
2184.22
2219.56
2680.07
1302.04
1302.04
1819.07
2469.84
2995.39
3432.07
2315.08
1828.34
1371.34
1536.82
 1838.5
2322.07
3261.92
 1838.5
2723.19
2637.01
 3084.6
3790.07
2007.51
2605.51
2185.97
1881.23
1341.56
1302.04
1556.13
1469.73
1302.04
3790.07
1637.81
2420.35
2674.01
1302.04
3926.17
3216.61
3125.81
2007.51
2048.12
 2550.4
3568.17
1302.04
2543.96
2084.83
2175.81
1689.03
2783.43
3241.04
3125.81
1438.14
3790.07
1881.23
1647.63
2017.34
2143.61
2375.13
 3084.6
2007.51
2463.36
2420.35
2420.35
2350.98
2084.83
2594.27
2627.96
3166.12
2009.92
3220.71
2418.22
 1838.5
2185.97
 1838.5
2219.56
 1838.5
2089.51
2511.23
 2228.7
1649.51
2420.35
1672.63
 3084.6
1649.51
2420.35
 3084.6
1735.13
 4196.2
2350.98
2139.97
2543.96
1556.13
1938.94
 1434.4
2316.02
 1974.6
1815.68
3255.86
2358.47
2683.08
2943.02
2504.08
1249.67
3347.33
 2306.1
2504.08
2269.69
2851.54
1775.96
1597.13
 1675.2
1595.26
3168.33
2103.44
1249.67
1922.23
1245.92
 1766.7
 1539.1
2634.13
1428.66
1786.12
1249.67
3168.33
1546.65
1954.96
2504.08
1597.13
2851.54
2365.85
1503.76
 3515.8
1786.12
 1718.1
1428.66
1916.17
1733.24
2162.51
1428.66
3347.33
2133.59
1851.23
2955.28
3168.33
3298.38
1636.65
2228.12
2504.08
1597.13
1597.13
2407.12
2133.59
2037.14
 1539.1
1786.12
 2262.7
2131.85
1382.02
2504.08
 3515.8
3168.33
1964.96
3645.85
2162.51
1503.76
2133.59
1409.05
2032.46
3347.33
2263.64
2032.46
3298.38
2032.46
3477.38
1922.23
2634.13
1249.67
1786.12
3168.33
1756.36
2123.43
2194.43
2133.59
2052.25
1786.12
2575.59
1591.17
 1947.4
1503.76
2670.81
2813.12
2504.08
1916.17
2683.08
 2588.9
1957.54
1995.75
2851.54
 1675.2
1916.15
2162.51
1965.12
1965.12
1245.92
2241.88
1965.12
1715.12
2132.66
2298.61
1553.46
1417.36
1385.77
1965.12
1786.12
 1943.8
2851.54
1682.76
 1539.1
2167.19
2504.08
1568.68
 3515.8
1409.05
2133.59
2101.23
2399.74
3113.75
1249.67
3123.75
1786.12
3347.33
1245.92
2093.65
1385.77
2095.17
1682.76
1165.43
1954.96
3347.33
2458.85
1367.66
 3515.8
 2541.9
1756.52
2670.81
2683.08
3164.24
1428.66
2269.69
2123.43
2168.56
3168.33
2683.08
1585.43
1894.41
3300.34
2133.59
1597.13
2237.17
2893.64
3168.33
1417.36
1588.05
2800.86
1428.66
2776.28
1851.23
2578.31
1564.77
1367.66
1318.97
 3515.8
3168.33
1828.86
1417.36
1731.36
1763.31
2073.85
3168.33
1249.67
 1084.9
2504.08
1747.68
1182.86
2162.51
2981.59
1775.96
2731.06
1249.67
2228.12
1484.45
2162.51
1775.96
1620.26
1786.12
3572.55
1786.12
1249.67
1886.56
3168.33
1249.67
1367.66
2776.28
1922.23
3247.97
3115.96
1980.08
1512.39
1197.29
3115.96
3111.87
1984.77
2799.17
 2451.7
2723.91
1733.75
1733.75
2841.27
 2630.7
3388.16
1776.49
 2451.7
2723.91
1912.59
2890.64
2048.85
2175.75
2618.44
1912.75
2929.22
 2630.7
2228.56
2347.37
2799.17
1197.29
2354.75
1197.29
1544.76
3425.01
3294.96
 2630.7
2760.75
1197.29
1733.75
1333.39
1516.31
1315.28
 1863.8
3115.96
3115.96
1695.31
1544.76
2116.19
3246.01
2581.75
2246.23
2210.33
1776.49
2618.44
 2042.8
1356.67
1980.08
2748.49
3115.96
2110.13
3520.17
1863.74
3246.01
3463.43
1113.06
1912.75
1376.29
1197.29
1999.88
1501.09
1912.75
1869.85
3463.43
2081.22
3593.48
2081.22
2081.22
1376.29
3071.38
2406.48
3294.96
2397.12
1733.75
3388.16
1432.07
1912.75
1197.29
1544.76
2246.23
2081.22
3735.63
1733.75
2110.13
2799.17
2116.19
2110.13
1543.96
2523.22
 2451.7
1533.79
3463.43
1533.79
2799.17
1916.95
2233.24
2536.53
2211.27
1197.29
1622.82
1733.75
1486.72
2902.91
3115.96
1197.29
 1785.3
1333.39
2324.98
1193.55
1680.86
1193.55
1376.29
 1863.8
1569.13
1376.29
 3013.5
2081.22
 2451.7
2080.28
2363.29
1869.85
1912.75
2021.48
1364.99
3115.96
1733.75
1544.76
2246.23
1376.29
3294.96
3115.96
3061.37
2081.22
3294.96
 2451.7
1197.29
1733.75
 2451.7
1329.65
1364.99
 2451.7
1863.78
3567.16
2678.69
3463.43
2175.75
2581.75
 2630.7
1544.76
2184.79
 2451.7
2217.32
3071.92
2407.66
2407.66
2007.02
2407.66
3549.43
1153.25
1153.25
1825.81
1689.71
1489.75
1974.66
2407.66
2407.66
1312.63
2070.77
3071.92
2143.12
1151.38
2764.49
2353.07
1899.33
2319.25
2894.54
1636.82
2037.18
1819.76
1825.81
2362.44
2634.64
2885.18
3027.33
1940.72
1955.84
3523.12
1689.71
2131.71
1559.68
1689.71
 1149.5
1689.71
1391.29
1153.25
3067.82
1758.21
3250.92
1868.71
2066.09
1153.25
2576.86
1153.25
2755.13
 1819.7
2294.04
1689.71
3071.92
1287.48
 2189.2
2492.49
1153.25
1819.76
1320.94
2037.18
1442.68
2035.43
1689.71
1869.75
2479.17
2446.81
2846.09
1908.36
2048.41
1500.72
2858.86
2167.23
3344.12
2178.46
1500.72
2716.71
2755.13
1153.25
2573.88
2407.66
2437.91
3691.59
1911.44
1698.31
2079.91
1998.76
1500.72
2016.05
3419.38
 2310.7
1289.35
1907.15
1689.71
1500.72
2037.18
1732.44
1540.24
2303.33
1332.25
2537.71
1472.27
2037.18
3419.38
2586.66
2280.94
1834.41
2173.28
1732.44
1489.75
2131.71
3071.92
1332.25
1634.95
1866.97
3201.97
1332.25
2079.91
3250.92
1472.27
3071.92
1868.71
1442.68
1153.25
1525.09
3419.38
2405.42
3071.92
2415.33
2407.66
 2146.1
2424.09
1868.71
3252.54
3344.12
1936.04
1468.35
1322.82
2066.09
2106.61
2609.22
2479.17
1868.71
1651.27
 1739.7
2679.87
1192.77
   1486
2586.66
